40 
40 
-11.2052 -15.1221 -1.7724 14.7533 9.23099 -17.2377 -31.0542 -8.77092 25.5743 25.5281 -15.1533 -46.5039 -23.6272 29.779 44.6602 -4.12401 -57.8794 -44.4407 25.191 63.0513 15.3262 -61.9658 -68.2348 10.8226 76.9375 41.3348 -56.3653 -91.2993 -12.9385 82.849 70.8741 -39.8535 -109.63 -44.2999 78.0754 100.068 -12.6095 -119.421 -80.1996 61.0599 
-10.2486 -14.1655 -0.81582 15.7099 10.1876 -16.2811 -30.0976 -7.81434 26.5309 26.4847 -14.1967 -45.5473 -22.6706 30.7356 45.6167 -3.16743 -56.9228 -43.4841 26.1476 64.0079 16.2828 -61.0092 -67.2783 11.7792 77.8941 42.2914 -55.4088 -90.3427 -11.9819 83.8056 71.8307 -38.8969 -108.674 -43.3434 79.032 101.025 -11.6529 -118.465 -79.243 62.0165 
-7.19443 -11.1113 2.23838 18.7641 13.2418 -13.2269 -27.0434 -4.76013 29.5851 29.5389 -11.1425 -42.4931 -19.6164 33.7898 48.6709 -0.113227 -53.8686 -40.4299 29.2018 67.0621 19.337 -57.955 -64.2241 14.8334 80.9483 45.3456 -52.3545 -87.2885 -8.92767 86.8598 74.8849 -35.8427 -105.619 -40.2892 82.0862 104.079 -8.59874 -115.411 -76.1888 65.0707 
-2.9179 -6.83479 6.51491 23.0406 17.5183 -8.95041 -22.7669 -0.483609 33.8616 33.8154 -6.86601 -38.2166 -15.3399 38.0663 52.9475 4.1633 -49.5921 -36.1534 33.4783 71.3386 23.6135 -53.6784 -59.9475 19.1099 85.2248 49.6221 -48.078 -83.012 -4.65115 91.1363 79.1614 -31.5662 -101.343 -36.0126 86.3627 108.356 -4.32221 -111.134 -71.9123 69.3472 
0.806073 -3.11081 10.2389 26.7646 21.2423 -5.22643 -19.0429 3.24037 37.5856 37.5394 -3.14203 -34.4926 -11.6159 41.7903 56.6715 7.88728 -45.8681 -32.4294 37.2023 75.0626 27.3375 -49.9545 -56.2235 22.8339 88.9488 53.3461 -44.354 -79.288 -0.92717 94.8603 82.8854 -27.8422 -97.6189 -32.2887 90.0867 112.08 -0.598237 -107.41 -68.1883 73.0712 
2.02122 -1.89567 11.454 27.9797 22.4574 -4.01129 -17.8277 4.45551 38.8007 38.7546 -1.92689 -33.2775 -10.4008 43.0055 57.8866 9.10242 -44.6529 -31.2143 38.4174 76.2778 28.5526 -48.7393 -55.0084 24.0491 90.1639 54.5613 -43.1389 -78.0729 0.287975 96.0754 84.1006 -26.6271 -96.4037 -31.0735 91.3018 113.295 0.616908 -106.195 -66.9732 74.2863 
-0.497839 -4.41472 8.93497 25.4607 19.9384 -6.53034 -20.3468 1.93646 36.2817 36.2355 -4.44595 -35.7965 -12.9198 40.4864 55.3675 6.58336 -47.172 -33.7333 35.8984 73.7587 26.0336 -51.2584 -57.5275 21.53 87.6449 52.0422 -45.658 -80.592 -2.23108 93.5563 81.5815 -29.1461 -98.9228 -33.5926 88.7828 110.776 -1.90215 -108.714 -69.4922 71.7673 
-6.53772 -10.4546 2.8951 19.4208 13.8985 -12.5702 -26.3867 -4.10342 30.2418 30.1956 -10.4858 -41.8364 -18.9597 34.4465 49.3277 0.543487 -53.2119 -39.7732 29.8585 67.7188 19.9937 -57.2983 -63.5673 15.4901 81.605 46.0023 -51.6978 -86.6318 -8.27096 87.5165 75.5416 -35.186 -104.963 -39.6324 82.7429 104.736 -7.94203 -114.754 -75.5321 65.7274 
-14.288 -18.2049 -4.85515 11.6705 6.14824 -20.3205 -34.1369 -11.8537 22.4916 22.4454 -18.2361 -49.5866 -26.71 26.6963 41.5774 -7.20676 -60.9621 -47.5234 22.1083 59.9686 12.2435 -65.0485 -71.3176 7.73988 73.8547 38.2521 -59.4481 -94.3821 -16.0212 79.7662 67.7914 -42.9363 -112.713 -47.3827 74.9927 96.9857 -15.6923 -122.504 -83.2823 57.9772 
-20.8689 -24.7858 -11.4361 5.08959 -0.432702 -26.9014 -40.7179 -18.4346 15.9106 15.8644 -24.817 -56.1676 -33.2909 20.1153 34.9965 -13.7877 -67.5431 -54.1044 15.5273 53.3876 5.66253 -71.6294 -77.8985 1.15894 67.2738 31.6711 -66.029 -100.963 -22.6021 73.1853 61.2104 -49.5172 -119.294 -53.9636 68.4117 90.4048 -22.2732 -129.085 -89.8633 51.3962 
-23.3978 -27.3146 -13.9649 2.56074 -2.96155 -29.4303 -43.2467 -20.9635 13.3818 13.3356 -27.3459 -58.6964 -35.8198 17.5865 32.4676 -16.3166 -70.0719 -56.6332 12.9985 50.8588 3.13367 -74.1583 -80.4274 -1.36991 64.7449 29.1423 -68.5579 -103.492 -25.131 70.6564 58.6816 -52.0461 -121.823 -56.4925 65.8829 87.8759 -24.8021 -131.614 -92.3921 48.8674 
-20.1997 -24.1165 -10.7668 5.75884 0.236548 -26.2322 -40.0486 -17.7654 16.5799 16.5337 -24.1478 -55.4983 -32.6216 20.7846 35.6657 -13.1185 -66.8738 -53.4351 16.1966 54.0569 6.33178 -70.9602 -77.2293 1.82819 67.943 32.3404 -65.3598 -100.294 -21.9329 73.8545 61.8797 -48.848 -118.625 -53.2944 69.081 91.074 -21.604 -128.416 -89.194 52.0655 
-11.6692 -15.5861 -2.23639 14.2893 8.767 -17.7017 -31.5182 -9.2349 25.1103 25.0642 -15.6173 -46.9679 -24.0912 29.315 44.1962 -4.588 -58.3433 -44.9047 24.727 62.5873 14.8622 -62.4297 -68.6988 10.3586 76.4735 40.8709 -56.8293 -91.7633 -13.4024 82.385 70.4101 -40.3175 -110.094 -44.7639 77.6114 99.6045 -13.0735 -119.885 -80.6636 60.5959 
-0.385034 -4.30192 9.04778 25.5735 20.0512 -6.41754 -20.234 2.04926 36.3945 36.3483 -4.33314 -35.6837 -12.807 40.5992 55.4803 6.69617 -47.0592 -33.6205 36.0112 73.8715 26.1464 -51.1456 -57.4147 21.6428 87.7577 52.155 -45.5452 -80.4791 -2.11828 93.6691 81.6943 -29.0333 -98.81 -33.4798 88.8956 110.889 -1.78934 -108.601 -69.3794 71.8801 
9.65077 5.73388 19.0836 35.6093 30.087 3.61826 -10.1982 12.0851 46.4303 46.3841 5.70266 -25.6479 -2.77123 50.635 65.5161 16.732 -37.0234 -23.5847 46.047 83.9073 36.1822 -41.1098 -47.3789 31.6786 97.7935 62.1908 -35.5094 -70.4433 7.91752 103.705 91.7301 -18.9975 -88.7742 -23.444 98.9314 120.924 8.24646 -98.5653 -59.3436 81.9159 
14.4318 10.5149 23.8646 40.3903 34.868 8.39926 -5.41719 16.8661 51.2113 51.1651 10.4837 -20.8669 2.00977 55.416 70.2971 21.513 -32.2424 -18.8037 50.828 88.6883 40.9632 -36.3288 -42.5979 36.4596 102.574 66.9718 -30.7284 -65.6624 12.6985 108.486 96.5111 -14.2165 -83.9932 -18.663 103.712 125.705 13.0274 -93.7843 -54.5626 86.6969 
11.5216 7.60471 20.9544 37.4801 31.9578 5.4891 -8.32735 13.9559 48.3011 48.2549 7.57349 -23.7771 -0.900395 52.5058 67.387 18.6028 -35.1526 -21.7139 47.9178 85.7781 38.053 -39.2389 -45.508 33.5494 99.6643 64.0617 -33.6385 -68.5725 9.78836 105.576 93.6009 -17.1267 -86.9034 -21.5731 100.802 122.795 10.1173 -96.6945 -57.4728 83.7867 
1.17277 -2.74412 10.6056 27.1313 21.609 -4.85973 -18.6762 3.60707 37.9523 37.9061 -2.77534 -34.1259 -11.2492 42.157 57.0381 8.25397 -45.5014 -32.0627 37.569 75.4293 27.7042 -49.5878 -55.8569 23.2006 89.3155 53.7128 -43.9873 -78.9213 -0.560473 95.227 83.2521 -27.4755 -97.2522 -31.922 90.4534 112.446 -0.23154 -107.043 -67.8216 73.4379 
-13.4947 -17.4116 -4.06186 12.4638 6.94153 -19.5272 -33.3436 -11.0604 23.2849 23.2387 -17.4428 -48.7934 -25.9167 27.4896 42.3707 -6.41347 -60.1688 -46.7302 22.9015 60.7619 13.0368 -64.2552 -70.5243 8.53317 74.648 39.0454 -58.6548 -93.5888 -15.2279 80.5595 68.5847 -42.143 -111.92 -46.5894 75.7859 97.779 -14.899 -121.711 -82.4891 58.7704 
-27.4101 -31.327 -17.9773 -1.4516 -6.9739 -33.4426 -47.2591 -24.9758 9.36943 9.32325 -31.3582 -62.7088 -39.8321 13.5741 28.4553 -20.3289 -74.0842 -60.6456 8.98612 46.8465 -0.878669 -78.1706 -84.4397 -5.38225 60.7326 25.13 -72.5702 -107.504 -29.1433 66.6441 54.6692 -56.0584 -125.835 -60.5048 61.8705 83.8636 -28.8144 -135.626 -96.4045 44.855 
-35.305 -39.2219 -25.8722 -9.34653 -14.8688 -41.3375 -55.154 -32.8707 1.4745 1.42832 -39.2531 -70.6037 -47.727 5.67921 20.5603 -28.2238 -81.9792 -68.5405 1.09119 38.9515 -8.7736 -86.0656 -92.3347 -13.2772 52.8377 17.235 -80.4651 -115.399 -37.0383 58.7492 46.7743 -63.9533 -133.73 -68.3998 53.9756 75.9687 -36.7093 -143.521 -104.299 36.9601 
-33.6959 -37.6128 -24.2631 -7.73743 -13.2597 -39.7284 -53.5449 -31.2616 3.0836 3.03742 -37.644 -68.9946 -46.1179 7.28832 22.1694 -26.6147 -80.3701 -66.9314 2.7003 40.5606 -7.1645 -84.4565 -90.7255 -11.6681 54.4468 18.8441 -78.856 -113.79 -35.4292 60.3583 48.3834 -62.3442 -132.121 -66.7907 55.5847 77.5778 -35.1002 -141.912 -102.69 38.5692 
-22.3545 -26.2714 -12.9217 3.60395 -1.91834 -28.387 -42.2035 -19.9202 14.425 14.3788 -26.3027 -57.6532 -34.7765 18.6297 33.5108 -15.2733 -69.0287 -55.59 14.0417 51.902 4.17689 -73.1151 -79.3842 -0.326698 65.7881 30.1855 -67.5147 -102.449 -24.0878 71.6996 59.7248 -51.0028 -120.78 -55.4493 66.9261 88.9191 -23.7589 -130.571 -91.3489 49.9106 
-4.66377 -8.58065 4.76904 21.2947 15.7724 -10.6963 -24.5127 -2.22947 32.1158 32.0696 -8.61188 -39.9624 -17.0858 36.3205 51.2016 2.41743 -51.3379 -37.8992 31.7325 69.5928 21.8677 -55.4243 -61.6934 17.3641 83.4789 47.8763 -49.8239 -84.7579 -6.39701 89.3904 77.4156 -33.3121 -103.089 -37.7585 84.6169 106.61 -6.06808 -112.88 -73.6581 67.6014 
13.3619 9.44499 22.7947 39.3204 33.7981 7.32937 -6.48708 15.7962 50.1414 50.0952 9.41377 -21.9368 0.939881 54.3461 69.2273 20.4431 -33.3123 -19.8736 49.7581 87.6184 39.8933 -37.3987 -43.6677 35.3897 101.505 65.9019 -31.7982 -66.7322 11.6286 107.416 95.4412 -15.2864 -85.0631 -19.7329 102.642 124.636 11.9576 -94.8542 -55.6325 85.627 
25.1195 21.2026 34.5523 51.078 45.5557 19.087 5.27054 27.5538 61.899 61.8528 21.1714 -10.1792 12.6975 66.1037 80.9849 32.2007 -21.5547 -8.11598 61.5157 99.376 51.6509 -25.6411 -31.9101 47.1473 113.262 77.6595 -20.0406 -54.9746 23.3862 119.174 107.199 -3.52881 -73.3055 -7.97524 114.4 136.393 23.7152 -83.0966 -43.8749 97.3846 
25.8313 21.9144 35.2641 51.7898 46.2675 19.7988 5.98235 28.2656 62.6108 62.5647 21.8832 -9.46738 13.4093 66.8155 81.6967 32.9125 -20.8428 -7.40417 62.2275 100.088 52.3627 -24.9292 -31.1983 47.8591 113.974 78.3714 -19.3288 -54.2628 24.0981 119.885 107.911 -2.817 -72.5937 -7.26343 115.112 137.105 24.427 -82.3848 -43.1631 98.0964 
14.4479 10.531 23.8807 40.4064 34.8841 8.41539 -5.40106 16.8822 51.2274 51.1812 10.4998 -20.8508 2.0259 55.4321 70.3133 21.5291 -32.2263 -18.7876 50.8441 88.7044 40.9793 -36.3127 -42.5817 36.4757 102.591 66.9879 -30.7122 -65.6462 12.7146 108.502 96.5272 -14.2004 -83.9771 -18.6468 103.729 125.722 13.0436 -93.7682 -54.5465 86.713 
-5.70548 -9.62237 3.72733 20.253 14.7307 -11.738 -25.5544 -3.27119 31.074 31.0279 -9.65359 -41.0042 -18.1275 35.2788 50.1599 1.37572 -52.3796 -38.941 30.6907 68.5511 20.8259 -56.466 -62.7351 16.3224 82.4372 46.8346 -50.8656 -85.7996 -7.43873 88.3487 76.3739 -34.3538 -104.13 -38.8002 83.5751 105.568 -7.10979 -113.922 -74.6999 66.5596 
-27.863 -31.7799 -18.4302 -1.90448 -7.42677 -33.8955 -47.7119 -25.4287 8.91655 8.87037 -31.8111 -63.1617 -40.285 13.1213 28.0024 -20.7818 -74.5371 -61.0985 8.53325 46.3936 -1.33155 -78.6235 -84.8926 -5.83513 60.2797 24.6771 -73.0231 -107.957 -29.5962 66.1912 54.2164 -56.5113 -126.288 -60.9577 61.4176 83.4107 -29.2673 -136.079 -96.8574 44.4021 
-44.0858 -48.0027 -34.653 -18.1273 -23.6496 -50.1183 -63.9348 -41.6515 -7.30631 -7.35248 -48.0339 -79.3845 -56.5078 -3.10159 11.7795 -37.0046 -90.76 -77.3213 -7.68961 30.1707 -17.5544 -94.8464 -101.115 -22.058 44.0569 8.45422 -89.246 -124.18 -45.8191 49.9683 37.9935 -72.7341 -142.511 -77.1806 45.1948 67.1878 -45.4901 -152.302 -113.08 28.1793 
-48.105 -52.0219 -38.6722 -22.1465 -27.6688 -54.1375 -67.9539 -45.6707 -11.3255 -11.3716 -52.0531 -83.4037 -60.527 -7.12074 7.7604 -41.0238 -94.7791 -81.3405 -11.7088 26.1516 -21.5736 -98.8655 -105.135 -26.0771 40.0377 4.43507 -93.2651 -128.199 -49.8382 45.9492 33.9744 -76.7533 -146.53 -81.1997 41.1756 63.1687 -49.5093 -156.321 -117.099 24.1601 
-37.7213 -41.6381 -28.2884 -11.7628 -17.2851 -43.7538 -57.5702 -35.287 -0.941734 -0.987909 -41.6694 -73.0199 -50.1433 3.26298 18.1441 -30.6401 -84.3954 -70.9567 -1.32504 36.5353 -11.1898 -88.4818 -94.7509 -15.6934 50.4214 14.8188 -82.8814 -117.815 -39.4545 56.3329 44.3581 -66.3696 -136.146 -70.816 51.5594 73.5524 -39.1256 -145.937 -106.716 34.5439 
-15.8514 -19.7683 -6.41863 10.1071 4.58476 -21.8839 -35.7004 -13.4171 20.9281 20.8819 -19.7996 -51.1501 -28.2734 25.1328 40.0139 -8.77024 -62.5256 -49.0869 20.5448 58.4051 10.68 -66.612 -72.8811 6.1764 72.2912 36.6886 -61.0116 -95.9456 -17.5847 78.2027 66.2279 -44.4997 -114.276 -48.9462 73.4292 95.4222 -17.2558 -124.068 -84.8458 56.4137 
10.2425 6.32558 19.6753 36.201 30.6787 4.20997 -9.60648 12.6768 47.022 46.9758 6.29436 -25.0562 -2.17952 51.2267 66.1078 17.3237 -36.4317 -22.993 46.6387 84.499 36.7739 -40.5181 -46.7872 32.2703 98.3852 62.7825 -34.9176 -69.8516 8.50923 104.297 92.3218 -18.4058 -88.1825 -22.8523 99.5231 121.516 8.83816 -97.9736 -58.7519 82.5076 
31.3581 27.4412 40.7909 57.3166 51.7943 25.3256 11.5092 33.7924 68.1376 68.0915 27.41 -3.94056 18.9361 72.3424 87.2235 38.4393 -15.316 -1.87736 67.7543 105.615 57.8895 -19.4024 -25.6715 53.386 119.501 83.8982 -13.802 -48.736 29.6249 125.412 113.437 2.70981 -67.0669 -1.73661 120.639 142.632 29.9538 -76.858 -37.6363 103.623 
39.5978 35.6809 49.0306 65.5563 60.034 33.5653 19.7489 42.0321 76.3773 76.3312 35.6497 4.29912 27.1758 80.582 95.4632 46.679 -7.07635 6.36233 75.994 113.854 66.1292 -11.1627 -17.4318 61.6256 127.74 92.1379 -5.56232 -40.4963 37.8646 133.652 121.677 10.9495 -58.8272 6.50307 128.878 150.871 38.1935 -68.6183 -29.3966 111.863 
31.3096 27.3927 40.7424 57.2681 51.7458 25.277 11.4606 33.7438 68.0891 68.0429 27.3614 -3.98913 18.8876 72.2938 87.1749 38.3908 -15.3646 -1.92592 67.7058 105.566 57.841 -19.451 -25.7201 53.3374 119.452 83.8496 -13.8506 -48.7846 29.5763 125.364 113.389 2.66125 -67.1154 -1.78517 120.59 142.583 29.9052 -76.9065 -37.6848 103.575 
8.63308 4.71619 18.0659 34.5916 29.0693 2.60057 -11.2159 11.0674 45.4126 45.3664 4.68497 -26.6656 -3.78892 49.6173 64.4985 15.7143 -38.0411 -24.6024 45.0293 82.8896 35.1645 -42.1275 -48.3965 30.6609 96.7758 61.1731 -36.527 -71.461 6.89983 102.687 90.7124 -20.0152 -89.7919 -24.4616 97.9137 119.907 7.22877 -99.583 -60.3613 80.8982 
-20.9837 -24.9006 -11.5509 4.97478 -0.547519 -27.0162 -40.8327 -18.5494 15.7958 15.7496 -24.9318 -56.2824 -33.4057 20.0005 34.8817 -13.9025 -67.6579 -54.2192 15.4125 53.2728 5.54771 -71.7443 -78.0133 1.04413 67.159 31.5563 -66.1438 -101.078 -22.717 73.0705 61.0956 -49.632 -119.409 -54.0784 68.2969 90.29 -22.388 -129.2 -89.9781 51.2814